09123861345
09128099145
09125576286
09124032919
09192345105
09124974624
09128056675
09151635884
09127979498
09383240199
09383252836
09354613251
09151199263
09128015021

09127791962

09301663635
09017020614
09122391404
09157404207
09196296756
09139817787
9124971027
09354100751
09335068428
09335702131
09128247399
09364985036

09375498118
09166034347
09352500236
09183784021
09123503087
09117890456
09125503257
09135730798
09194698645
09190919282
09373534685
09120216495
0
09171206104
0
09189667106
09363304154
09213913818
09123867110
09380595074
09196019402
09390234607
09366663692
09131940817
09128178203
09125152869
09128302367
09195049731
09373008581
09189560015
09132744158
09125805878
09132969290
09132744158
09128322169
09365361145
09192466068
09354071145
09354092170
09132744158
09128264435
09213901305
09121881552
09129379087
09372057972
09109759463
09189010590
09124399877
09377381024
09123785102
09196833347
09351600485

09374630421
09378538680
09213650611
09126588780


09125754595
09122452771
09123591429
09124875697
09128390079

09378181038
09106740633
09124943733
09368583514

09198270929
09125788992
09372974167
09124393695
09101055614
09397674984
09122212446
09126999028
09374437450

09129364247
09186960093
09112442473
09355157048
09355324339
09117772831
09177398198
09159514716
09128302311
09194252621
09351355523
01983516872
09195502663
09109381726
09199948357
09124592085
1234
09149710349
09303211374
09378104964
09120368763
09122906259
09122873235
09335159105
09121150218
09375152687
09112242143
09127670074
09362421714
09199395292
09124976319
09129331077
09361061112

09125015528
09102123515
09370985832
09356756255
09128390079

09124388389
09125409353
09124149018
09197599532
09335562686
09301027398
09111303841
09357751433
09159151137
09362120624
09126666005
09171815741
09364463010
09128157725
09355079163
09123575392
09128136963
09361574289
09137946956
09122132305
09395551032
09128267311
9092301202
